0 0.206640625 0.4293746666666667 0.17687500000000003 0.179167
0 0.325859375 0.5015100833333334 0.2625 0.22166700000000006
0 0.28597656250000003 0.2946350833333333 0.12749999999999997 0.12916700000000003
0 0.373671875 0.3128125 0.184375 0.141667
0 0.4928125 0.3368229166666667 0.17312499999999997 0.15499999999999994
0 0.608671875 0.35708366666666663 0.15375000000000005 0.14750000000000005
0 0.5789453125 0.12380208333333333 0.05812499999999998 0.129167
0 0.5841015625 0.04031283333333333 0.06562500000000004 0.058333
0 0.5758984375 0.006510416666666667 0.030625000000000013 0.013333
0 0.5912890625 0.05520866666666666 0.05062500000000003 0.053333
0 0.6076953125 0.010416666666666666 0.02562500000000001 0.023333000000000003
0 0.758515625 0.4821350833333333 0.27 0.253334
0 0.75921875 0.39473925 0.24312499999999992 0.13333399999999998
0 0.7664453125 0.33531283333333334 0.213125 0.18416600000000002
0 0.793203125 0.8188545 0.22312500000000002 0.36000000000000004
