0 0.111328125 0.6369003333333333 0.22375 0.4482990000000001
0 0.192265625 0.265269 0.33375 0.22615000000000005
0 0.25515625 0.8458793333333332 0.35250000000000004 0.3055370000000001
0 0.21015625 0.18115233333333333 0.22750000000000004 0.15543700000000002
0 0.330078125 0.6218476666666667 0.348125 0.328218
0 0.33382812500000003 0.5260976666666666 0.3175 0.25950700000000004
0 0.3976953125 0.403569 0.18312499999999998 0.10140099999999995
0 0.514296875 0.35150099999999995 0.27749999999999997 0.20146800000000004
0 0.5196875000000001 0.15437466666666666 0.26624999999999993 0.183456
0 0.5601171875 0.24635433333333331 0.241875 0.18012000000000003
0 0.7969140625 0.294624 0.26937500000000003 0.344229
0 0.859609375 0.4808006666666666 0.13749999999999996 0.059373000000000016
