0 0.262040125 0.7855232870249018 0.318285 0.24545500000000003
0 0.1455078125 0.6327887745740498 0.291196 0.357576
0 0.25270725 0.43713039056356484 0.320542 0.36060600000000004
0 0.3850590625 0.275113879423329 0.14446900000000001 0.14545499999999997
0 0.4205191875 0.5313948466579292 0.20993199999999995 0.336364
0 0.515999875 0.7119032306684141 0.216704 0.33333300000000005
0 0.5628442499999999 0.24572051900393185 0.16478500000000001 0.251515
0 0.6424748125 0.5633427103538663 0.2302479999999999 0.412121
0 0.7787793125 0.2065764547837484 0.27539500000000006 0.30606099999999997
0 0.849301125 0.7207432948885977 0.25507900000000006 0.27878800000000004
0 0.79882375 0.5236821913499344 0.1489839999999999 0.163637
0 0.885594125 0.47225829488859766 0.22347700000000004 0.27878800000000004
