0 0.27940902052785926 0.8487109375 0.204503 0.17125
0 0.287087642228739 0.719765625 0.18949300000000005 0.14500000000000002
0 0.28978309090909093 0.601796875 0.18198899999999996 0.12124999999999997
0 0.2922424369501466 0.4967578125 0.16510399999999997 0.10500000000000004
0 0.3000311994134897 0.4205859375 0.108818 0.07624999999999998
0 0.4418632316715543 0.7121875 0.14258899999999997 0.5487500000000001
0 0.5660701173020528 0.1611328125 0.30018799999999995 0.19874999999999998
0 0.571935219941349 0.367421875 0.313321 0.21499999999999997
0 0.6250982258064516 0.5887109374999999 0.22701700000000002 0.23249999999999998
0 0.6611082903225807 0.7991796875 0.2926829999999999 0.31999999999999995
0 0.9547517184750733 0.605546875 0.08442799999999995 0.18374999999999997
