0 0.126953125 0.3125 0.255 0.626667
0 0.1318359375 0.8192184166666667 0.26375 0.3583340000000001
0 0.31234375000000003 0.60125 0.15 0.3133330000000001
0 0.30484374999999997 0.414167 0.11875 0.12750000000000003
0 0.32144531249999997 0.8349996666666666 0.15062499999999998 0.2100000000000001
0 0.4534375 0.6045309166666667 0.17187500000000006 0.249167
0 0.5139453125 0.7065621666666666 0.21437499999999998 0.2875000000000001
0 0.7312109375 0.48104166666666665 0.20187500000000003 0.3033330000000001
0 0.819765625 0.7239583333333334 0.2387499999999999 0.4491669999999999
0 0.7969921875 0.9121354166666666 0.11624999999999996 0.1716670000000001
0 0.90015625 0.53317675 0.19687500000000002 0.555834
0 0.92359375 0.21744791666666666 0.15000000000000002 0.43583299999999997
0 0.92359375 0.8612496666666667 0.15000000000000002 0.273334
