0 0.49609375 0.4700520833333333 0.83625 0.9425
0 0.23828125 0.10864583333333333 0.289375 0.184167
0 0.2429296875 0.5955725833333334 0.28875 0.1758339999999999
0 0.2429296875 0.7664065833333332 0.28875 0.176666
0 0.2401171875 0.28036425000000004 0.2725 0.16500000000000004
0 0.243046875 0.43552083333333336 0.2775 0.15333300000000002
0 0.508828125 0.28145800000000004 0.25437499999999996 0.156667
0 0.5100781249999999 0.44338575 0.25437499999999996 0.150833
0 0.5110546874999999 0.1326045 0.256875 0.17416599999999996
0 0.5135546875 0.598125 0.25625 0.15666699999999997
0 0.5160546875 0.75203125 0.2575 0.16583299999999998
0 0.75734375 0.4424475833333334 0.24312500000000004 0.14416699999999993
0 0.757890625 0.29802083333333335 0.239375 0.15166700000000008
0 0.761015625 0.14468783333333335 0.24 0.15333299999999997
0 0.76296875 0.5895836666666666 0.24250000000000005 0.14666599999999996
0 0.7650390625 0.7455208333333334 0.23750000000000004 0.1516669999999999
