0 0.48764415124816446 0.419140875 0.11868400000000008 0.02734399999999998
0 0.5590138737151248 0.6759765625 0.2326680000000001 0.1273439999999999
0 0.554610872246696 0.54374975 0.21386599999999997 0.08593799999999996
0 0.575758302496329 0.8400395625 0.23619300000000004 0.12890599999999997
0 0.6122031512481645 0.4126953125 0.118684 0.025781
0 0.6154428619676945 0.3851565 0.06933 0.017187000000000008
0 0.6398264331864905 0.187109875 0.06462900000000005 0.06015599999999999
0 0.7863940161527165 0.5513669375 0.22796800000000003 0.07734399999999997
0 0.7960871600587371 0.6814455625 0.243243 0.127344
0 0.7144468604992659 0.25624975 0.04700300000000003 0.02421899999999999
0 0.7511575800293686 0.833594 0.12220900000000001 0.09453100000000003
0 0.7267824331864905 0.214453125 0.06698000000000001 0.067187
0 0.7896518604992658 0.2216801875 0.04935399999999991 0.08593700000000001
0 0.8360690029368575 0.23593775 0.0411280000000001 0.05546800000000002
0 0.8378331453744494 0.179688 0.03642699999999998 0.06406200000000001
0 0.8854158634361233 0.192578375 0.090482 0.13749999999999998
