0 0.2633984375 0.6193753333333333 0.09187500000000001 0.2625
0 0.048828125 0.627917 0.098125 0.19000000000000009
0 0.0654296875 0.7829166666666666 0.131875 0.14833300000000005
0 0.3865625 0.3551041666666666 0.07875000000000004 0.13083300000000006
0 0.3915625 0.47958366666666663 0.07875000000000004 0.14833300000000005
0 0.4367578125 0.21052083333333335 0.104375 0.151667
0 0.474375 0.4898434166666667 0.09437499999999999 0.13916700000000004
0 0.4746484375 0.3536455 0.09187499999999998 0.14083400000000004
0 0.578671875 0.7548961666666667 0.09000000000000008 0.16333300000000003
0 0.580625 0.5948961666666667 0.0943750000000001 0.161666
0 0.687265625 0.8597399166666667 0.145625 0.21666600000000003
0 0.7019140625 0.6822399166666666 0.14312500000000006 0.21833300000000003
