0 0.1572265625 0.1951689375 0.315 0.265
0 0.169921875 0.74609375 0.341667 0.24333300000000002
0 0.17822949999999999 0.4388408125 0.20333300000000004 0.29166699999999995
0 0.387421875 0.125 0.216667 0.251667
0 0.4112626875 0.432917 0.25666700000000003 0.313333
0 0.659765625 0.751640625 0.52 0.363333
0 0.619661125 0.147995125 0.22333399999999992 0.223333
0 0.6521875 0.2521484375 0.235 0.15500000000000003
0 0.6950654375 0.4583984375 0.218333 0.218333
0 0.8251171875 0.3658720625 0.24166700000000008 0.206667
0 0.8269658125 0.105703125 0.198334 0.193333
0 0.8825908125 0.2628125 0.22999999999999998 0.266667
