0 0.1279296875 0.2809371666666667 0.256875 0.256667
0 0.1708984375 0.6138545000000001 0.341875 0.486666
0 0.21796875 0.19536491666666667 0.08687500000000004 0.124166
0 0.27531249999999996 0.22677116666666666 0.07999999999999999 0.13249999999999998
0 0.2816796875 0.33661425 0.07 0.10333399999999997
0 0.405078125 0.4898440833333333 0.19249999999999995 0.721666
0 0.49796875 0.08723924999999999 0.33749999999999997 0.134167
0 0.74453125 0.7654163333333334 0.50875 0.356667
0 0.6296875 0.546875 0.26625000000000004 0.21999999999999997
0 0.5225390624999999 0.33 0.049375 0.25166700000000003
0 0.6665625 0.30333366666666667 0.0787500000000001 0.33416599999999996
