0 0.0107421875 0.25215662732919253 0.023077 0.235941
0 0.1611328125 0.5404258447204968 0.323846 0.47432800000000014
0 0.14952793749999999 0.22073567701863353 0.263846 0.20415700000000003
0 0.19966962500000002 0.15805888198757764 0.207692 0.200489
0 0.4648103125 0.7063847204968944 0.40077 0.5513450000000001
0 0.346051375 0.3305290621118012 0.137693 0.211491
0 0.3798315 0.2176689254658385 0.07846200000000003 0.04767700000000002
0 0.570865 0.31123134782608697 0.31384700000000004 0.284841
0 0.644765625 0.1766310807453416 0.27 0.07701699999999999
0 0.6799430625 0.15072746583850932 0.269231 0.085575
0 0.752926375 0.1302752608695652 0.23153899999999994 0.08802000000000001
0 0.8224966875 0.5365875714285715 0.35153899999999993 0.643032
0 0.8766853125 0.4468859254658385 0.24461599999999994 0.5489
0 0.9209944375 0.17874628571428572 0.155385 0.07212700000000002
