0 0.18009483333333334 0.2581060606060606 0.215782 0.12249999999999998
0 0.1970436666666667 0.5788490675990676 0.20949699999999996 0.1375000000000001
0 0.27777283333333336 0.10644959207459206 0.37220699999999995 0.18624999999999997
0 0.20132858333333334 0.7055725524475523 0.20809999999999998 0.10625000000000016
0 0.20342358333333332 0.8154035547785549 0.206005 0.11124999999999985
0 0.2394666666666667 0.9279370629370629 0.27304500000000004 0.1281250000000001
0 0.201292 0.36895104895104897 0.189246 0.09875000000000002
0 0.20548200000000003 0.4746095571095571 0.18924600000000003 0.11437500000000002
0 0.400576 0.2597275641025641 0.21927400000000005 0.13000000000000003
0 0.40133233333333335 0.6033595571095571 0.20041900000000004 0.11624999999999994
0 0.4034273333333333 0.7073295454545454 0.200419 0.09187500000000001
0 0.3977098333333333 0.48531905594405594 0.182961 0.11249999999999998
0 0.40291816666666663 0.37707604895104896 0.19483300000000003 0.09937500000000002
0 0.4064101666666667 0.8115690559440559 0.19273700000000005 0.1125000000000001
0 0.5186078333333334 0.9268560606060605 0.2786309999999999 0.12312500000000001
0 0.5928048333333333 0.45788607226107225 0.21368699999999996 0.14562500000000003
0 0.6073383333333334 0.6917380536130536 0.1990219999999999 0.109375
0 0.6266441666666668 0.8051500582750581 0.22485999999999992 0.11812500000000006
0 0.6085089166666666 0.3504370629370629 0.18715100000000007 0.12625000000000003
0 0.7911426666666667 0.9237310606060606 0.27095 0.12312500000000001
0 0.7800715 0.5792380536130536 0.173184 0.10937500000000007
0 0.8037561666666666 0.4643560606060606 0.19483300000000003 0.12125000000000004
0 0.8038510833333333 0.6703015734265735 0.19134100000000012 0.14687499999999995
0 0.8340679166666666 0.782463578088578 0.1850560000000002 0.156875
