0 0.0126953125 0.39702979795021953 0.025625 0.134147
0 0.0146484375 0.519279411420205 0.029375 0.12476599999999997
0 0.025390625 0.7113588960468522 0.0525 0.11350899999999996
0 0.0869140625 0.8330918843338214 0.175 0.2936209999999999
0 0.145078125 0.6501648843338214 0.285625 0.2936210000000001
0 0.0528125 0.4726730248901903 0.079375 0.11538500000000007
0 0.0562890625 0.39325957686676427 0.05 0.06003799999999996
0 0.0708984375 0.2926041844802343 0.060625000000000005 0.140713
0 0.12265625 0.1959821844802343 0.165625 0.140713
0 0.14203125 0.3707196383601757 0.133125 0.10600399999999996
0 0.15035156249999998 0.45256115373352857 0.128125 0.11913699999999998
0 0.14792968750000002 0.29153470571010254 0.09999999999999999 0.06378999999999994
0 0.183203125 0.4716207672035139 0.09875 0.10881800000000001
0 0.2130859375 0.5250745461200585 0.04500000000000001 0.03658499999999998
0 0.34125 0.39276989019033676 0.25125000000000003 0.20450300000000002
0 0.3544921875 0.5608712459736457 0.241875 0.18855500000000003
0 0.56 0.6877330439238654 0.34437500000000004 0.3198869999999999
0 0.60328125 0.44445220937042457 0.28937500000000005 0.25609800000000005
0 0.904375 0.8472771420204979 0.18874999999999997 0.30112599999999995
0 0.9497265625 0.6552323133235725 0.09750000000000003 0.14634100000000005
