0 0.1135546875 0.8644795 0.16375 0.266666
0 0.0990234375 0.50744825 0.12375 0.10333300000000005
0 0.1308203125 0.45458333333333334 0.1825 0.23166699999999998
0 0.18109375 0.20161425 0.18 0.22666700000000004
0 0.183046875 0.06510416666666667 0.185 0.131667
0 0.176484375 0.31807325 0.16874999999999998 0.13499999999999998
0 0.2887109375 0.35416700000000007 0.04625000000000001 0.12666599999999997
0 0.345625 0.21572916666666667 0.15625 0.161667
0 0.3464453125 0.0703125 0.15125 0.141667
0 0.493671875 0.3729166666666666 0.15249999999999997 0.14833300000000005
0 0.497421875 0.23380208333333333 0.15374999999999994 0.12999999999999998
0 0.500625 0.12791666666666668 0.15749999999999997 0.146667
0 0.499921875 0.5313024166666667 0.15250000000000002 0.171666
0 0.53 0.8788545 0.1875 0.23666600000000004
0 0.5026171875000001 0.7022916666666666 0.11625000000000002 0.11666699999999992
0 0.5871875 0.7511979166666666 0.04749999999999999 0.12333299999999998
0 0.6353125 0.6153125 0.14250000000000007 0.141667
0 0.643125 0.39156283333333336 0.15625 0.12166599999999998
0 0.649375 0.25500033333333333 0.15625 0.16833300000000004
0 0.641953125 0.4946875 0.13 0.11000000000000003
0 0.715390625 0.9382288333333334 0.2400000000000001 0.11999999999999995
0 0.7226171875 0.7974475833333333 0.24124999999999996 0.26999999999999996
