0 0.591328125 0.6240669061583578 0.255 0.362101
0 0.046875 0.6083307771260997 0.09375 0.23264600000000002
0 0.216015625 0.8759218797653959 0.14625 0.24390299999999987
0 0.315 0.32553562463343105 0.25125 0.44559099999999996
0 0.4178125 0.8307921495601173 0.29875 0.33395899999999995
0 0.4060546875 0.5727388475073314 0.09999999999999998 0.21388399999999996
0 0.506875 0.2644635014662756 0.18937500000000002 0.228893
0 0.5294921875 0.3739749882697947 0.11625000000000002 0.172607
0 0.6706640625 0.3284980146627566 0.20625000000000004 0.289869
0 0.6625390625 0.15938068035190614 0.17562499999999992 0.135085
0 0.728515625 0.5747884692082111 0.14625 0.19699799999999995
0 0.822109375 0.4469172961876833 0.13812499999999994 0.20544099999999998
0 0.831015625 0.1722393284457478 0.11499999999999999 0.23921200000000004
0 0.934375 0.37837381524926683 0.125 0.18011199999999997
