0 0.099537 0.262267 0.166383 0.379019
0 0.106523 0.531303 0.182895 0.152284
0 0.100807 0.719966 0.125740 0.265651
0 0.326250 0.711506 0.081286 0.279188
0 0.227182 0.725042 0.081286 0.265651
0 0.515495 0.862098 0.241319 0.137056
0 0.502159 0.739425 0.270532 0.165821
0 0.758720 0.732657 0.270532 0.165821
0 0.925738 0.587140 0.119389 0.186125
0 0.874934 0.320643 0.081286 0.140440
0 0.768245 0.551607 0.264181 0.165821
0 0.762530 0.432318 0.280692 0.109983
0 0.738398 0.336717 0.222268 0.115059
0 0.741573 0.217428 0.200676 0.150592
0 0.537087 0.202200 0.198136 0.150592
0 0.517400 0.332487 0.217187 0.123519
0 0.529466 0.446701 0.256560 0.138748
0 0.530101 0.582910 0.255290 0.150592
0 0.309739 0.500846 0.236239 0.142132
0 0.312914 0.197970 0.257831 0.152284
0 0.308469 0.345178 0.208297 0.165821