0 0.189714 0.164129 0.290853 0.189509
0 0.431669 0.180203 0.231158 0.160745
0 0.182729 0.336717 0.261641 0.179357
0 0.169393 0.516074 0.313715 0.213198
0 0.424048 0.324873 0.246400 0.155668
0 0.672353 0.314721 0.252750 0.399323
0 0.425318 0.472081 0.233699 0.148900
0 0.418332 0.632826 0.214647 0.192893
0 0.178918 0.667513 0.243859 0.164129
0 0.182729 0.811337 0.307364 0.184433
0 0.434209 0.807107 0.190515 0.206430
0 0.674893 0.795262 0.298474 0.128596
0 0.700930 0.697124 0.358168 0.148900
0 0.700295 0.578680 0.331496 0.121827
0 0.919387 0.522843 0.134631 0.659898
0 0.808889 0.309645 0.048264 0.209814
0 0.808254 0.161591 0.105418 0.072758