0 0.282668 0.533623 0.183292 0.134490
0 0.098130 0.659962 0.173317 0.130415
0 0.090524 0.778150 0.181047 0.130415
0 0.094389 0.897357 0.185786 0.148754
0 0.271446 0.905508 0.183292 0.144679
0 0.273940 0.778150 0.180798 0.138566
0 0.266459 0.667094 0.175810 0.160981
0 0.445387 0.898376 0.182045 0.134490
0 0.441646 0.774075 0.167082 0.114113
0 0.568204 0.818905 0.083541 0.281207
0 0.616833 0.635509 0.175810 0.134490
0 0.646135 0.832150 0.084788 0.275094
0 0.722194 0.826037 0.087282 0.291395
0 0.798254 0.706830 0.079800 0.273056
0 0.861222 0.898376 0.183292 0.146717
0 0.911097 0.773056 0.165835 0.140603