0 0.071320 0.470389 0.142132 0.284264
0 0.201396 0.324027 0.158629 0.201354
0 0.106091 0.589679 0.212182 0.329949
0 0.120051 0.694585 0.240101 0.448393
0 0.280076 0.680203 0.232234 0.372250
0 0.361929 0.403553 0.119289 0.252115
0 0.259137 0.422166 0.091371 0.191201
0 0.543401 0.480541 0.218274 0.155668
0 0.532614 0.418782 0.222081 0.116751
0 0.514848 0.327411 0.184010 0.055838
0 0.514213 0.285110 0.180203 0.059222
0 0.557995 0.867174 0.199239 0.228426
0 0.446320 0.806261 0.186548 0.197970
0 0.448223 0.634518 0.159898 0.148900
0 0.587817 0.605753 0.177665 0.121827
0 0.629061 0.763959 0.201777 0.181049
0 0.769924 0.743655 0.201777 0.184433
0 0.902411 0.727580 0.195178 0.203046
0 0.703934 0.593909 0.176396 0.159052
0 0.848604 0.573604 0.148477 0.138748
0 0.861294 0.247885 0.199239 0.109983
0 0.910152 0.353638 0.172589 0.162437
0 0.740101 0.389171 0.238579 0.192893
0 0.691244 0.253807 0.252538 0.094755