0 0.209010 0.210660 0.191624 0.214890
0 0.373985 0.240271 0.107868 0.121827
0 0.525000 0.274958 0.143401 0.072758
0 0.530076 0.372250 0.173858 0.115059
0 0.618909 0.430626 0.191624 0.167513
0 0.692513 0.389171 0.181472 0.131980
0 0.853680 0.358714 0.173858 0.128596
0 0.788325 0.592217 0.164975 0.297800
0 0.909518 0.578680 0.173858 0.297800
0 0.851142 0.834179 0.217005 0.196277
0 0.651904 0.853638 0.252538 0.164129
0 0.481853 0.590525 0.199239 0.304569
0 0.649365 0.618443 0.178934 0.248731
0 0.132868 0.744501 0.214467 0.358714
0 0.255964 0.807107 0.110406 0.213198
0 0.368909 0.780880 0.176396 0.170897
0 0.555457 0.771574 0.234772 0.074450
0 0.148731 0.407783 0.195431 0.152284
0 0.166497 0.523689 0.197970 0.147208
0 0.255330 0.631980 0.071066 0.086294
0 0.321954 0.615905 0.156091 0.196277
0 0.339086 0.398477 0.220812 0.221658